00000000000000000000000000000
00000000000000000000000000000
00111111100000010010111111100
00100000101111111000100000100
00101110100110111000101110100
00101110101001111110101110100
00101110101010111000101110100
00100000100101111010100000100
00111111101010101010111111100
00000000001111110010000000000
00010111101111010101101101000
00011100001101001111001111000
00100111101111101101111100100
00011110000010100101001111100
00011010111111011011100000100
00101111010000101100011001000
00110010100100000111000111100
00101011011111110010001010100
00101000110100010011111011000
00000000001101100110001001000
00111111100001110010101100100
00100000101011010010001001000
00101110101011001111111100100
00101110101100101000110101100
00101110100111110000001011100
00100000101011011101111011100
00111111100111111110100100100
00000000000000000000000000000
00000000000000000000000000000
