000000000000000000000000000000000
000000000000000000000000000000000
001111111011010010110100111111100
001000001010011010100000100000100
001011101001111100001000101110100
001011101010111101100000101110100
001011101001010101111100101110100
001000001000011000100110100000100
001111111010101010101010111111100
000000000010111000110100000000000
001011011101110000010000100101100
000100110011111110110110101011000
001100111101010110100010101111000
000010000111011110000100000100000
000111011101100001010010011110000
001110110100011011111001000000000
000110101110110100001101111111100
000101110001101000001101000100000
001110011110100010101001001110100
000010010001011001010010000000100
001001011000101111101011111000000
000010100101110110111001010011100
000111111101010111111111111011100
000000000011010000001010001010000
001111111010100010000110101001000
001000001010010111101010001001000
001011101001000001110011111100000
001011101010010001100101010110100
001011101010101100010110010010100
001000001000101111100011001101000
001111111011010110001111110111000
000000000000000000000000000000000
000000000000000000000000000000000
